  2.0D0       M20
  0.35D0      ASM
  2.00001D0   MC2
  20.25D0     MB2
  3.0625D4    MT2
  1           NFORM
  0           IMOMIN
  0           ISSIMP
  1.3D0,       0.7D0,    3.0D0,    0.5D0,    0.0D0,    3.0D0      PUV
 -0.5D0,       0.7D0,    4.0D0,    0.5D0,    0.0D0,    4.0D0      PDV
  0.D0,        0.3D0,    7.0D0,    0.5D0,    0.0D0,    0.0D0      PLM
 -0.2D0,       0.3D0,    7.0D0,    0.5D0,    0.0D0,    0.0D0      PLP
  0.D0,        0.3D0,    7.0D0,    0.5D0,    0.0D0,    0.0D0      PSM
 -0.05D0,      0.3D0,    7.0D0,    0.5D0,    0.0D0,    0.0D0      PSP
  1.5D0,       0.5D0,    5.0D0,    0.5D0,    0.0D0,    0.0D0      PGL
